
PB0:1999,1;2001,2;2002,1;2003,2;2004,1;2005,1;2006,1;2007,1;2009,1;2011,2;2012,1;
PB2:2001,1;
PB4:1994,1;1997,1;1998,2;1999,1;2000,4;2001,3;2002,3;2003,1;2004,2;2005,1;2006,2;2007,2;2008,3;2009,1;2010,6;2011,3;2012,3;
PB5:2008,2;2009,2;2010,1;2011,1;
PB6:1998,1;2006,2;2011,1;
PB8:2010,1;2011,1;
PB9:1999,1;2000,1;2001,1;2005,1;2006,5;2007,1;2008,4;2009,3;2010,5;2011,7;
OA1:2009,1;2011,3;
OA2:2010,1;2011,2;
OC0:2012,1;
OC1:2009,1;2010,1;
OC2:2004,1;2005,2;2007,1;2008,1;2010,1;2011,1;2012,1;
OC4:2002,1;2003,1;2009,1;2010,2;2011,1;
OC5:2001,2;2003,1;2004,3;2005,2;2010,1;
Pm:2004,1;
Pj:1996,1;2001,2;2003,2;2005,1;2006,1;2008,1;2009,1;2010,1;2011,1;
PB:1994,1;1997,1;1998,3;1999,3;2000,5;2001,7;2002,4;2003,3;2004,3;2005,3;2006,10;2007,4;2008,9;2009,7;2010,13;2011,15;2012,4;
OA:2009,1;2010,1;2011,5;
OC:2001,2;2002,1;2003,2;2004,4;2005,4;2007,1;2008,1;2009,2;2010,5;2011,2;2012,2;
Ep:1999,1;2000,1;2001,1;2002,1;2003,2;2004,2;2005,3;2006,2;2010,2;2011,2;