
PB0:1992,2;1995,2;1996,1;1997,1;1998,4;1999,2;2000,1;2001,3;2002,3;2003,3;2004,5;2005,4;2006,3;2007,5;2008,5;2009,2;2010,5;2011,6;2012,7;
PB1:*itens sem ano,4;1998,1;1999,1;2000,2;2001,1;2003,2;2005,1;2006,2;2007,1;2008,1;2009,2;2012,1;
PB2:1993,1;1996,1;1997,3;1998,1;2001,2;2002,1;2005,1;2007,1;2010,1;2011,1;2012,1;
PB3:*itens sem ano,1;
PB4:1990,1;1991,2;1992,2;1993,1;1994,4;1995,4;1996,4;1997,9;1998,10;1999,8;2000,18;2001,11;2002,11;2003,11;2004,14;2005,17;2006,15;2007,10;2008,24;2009,12;2010,18;2011,17;2012,9;
PB5:1996,2;2000,1;2007,3;2008,5;2009,4;2010,1;2011,2;2012,1;
PB6:1995,1;1996,1;1998,2;1999,2;2000,1;2003,1;2006,3;2008,2;2009,1;2010,2;2011,6;
PB8:1995,5;1997,2;1998,2;1999,1;2000,1;2003,5;2004,1;2005,3;2007,2;2008,2;2009,1;2010,2;2011,2;2012,1;
PB9:1995,1;1998,1;1999,2;2000,2;2001,3;2002,5;2004,1;2005,2;2006,5;2007,2;2008,5;2009,4;2010,9;2011,8;
PT4:1994,1;1998,1;2007,1;2008,2;
PT5:1995,1;1998,2;1999,2;2000,2;2001,2;2002,1;2003,3;2004,2;2005,3;2006,6;2007,9;2008,2;2009,4;2010,4;2011,1;2012,2;
PA0:2010,1;
OA0:2011,1;2012,1;
OA1:2009,1;2010,5;2011,4;2012,6;
OA2:2010,4;2011,9;
OC0:2001,1;2010,1;2012,2;
OC1:2000,2;2003,1;2004,1;2007,4;2008,1;2009,1;2010,3;2011,1;
OC2:1992,1;1995,1;1996,1;1997,1;1998,3;1999,4;2000,4;2001,5;2002,8;2003,9;2004,9;2005,6;2006,5;2007,6;2008,10;2009,2;2010,7;2011,3;2012,6;
OC4:2002,3;2003,3;2007,3;2008,1;2009,1;2010,2;2011,1;
OC5:2001,4;2002,3;2003,4;2004,9;2005,5;2006,2;2007,4;2008,3;2009,6;2010,3;2012,1;
OC6:2002,1;2003,2;
Pm:1990,1;1993,1;1994,1;1995,1;1996,1;1997,1;1999,1;2002,2;2003,1;2004,3;2005,1;2006,3;2007,4;2008,1;2009,3;2010,3;2011,3;2012,2;
Pj:1994,1;1996,2;1998,6;1999,3;2000,3;2001,2;2002,2;2003,9;2005,9;2006,1;2007,1;2008,8;2009,7;2010,5;2011,4;
PB:*itens sem ano,5;1990,1;1991,2;1992,4;1993,2;1994,4;1995,13;1996,9;1997,15;1998,21;1999,16;2000,26;2001,20;2002,20;2003,22;2004,21;2005,28;2006,28;2007,24;2008,44;2009,26;2010,38;2011,42;2012,20;
PT:1994,1;1995,1;1998,3;1999,2;2000,2;2001,2;2002,1;2003,3;2004,2;2005,3;2006,6;2007,10;2008,4;2009,4;2010,4;2011,1;2012,2;
PA:2010,1;
OA:2009,1;2010,9;2011,14;2012,7;
OC:1992,1;1995,1;1996,1;1997,1;1998,3;1999,4;2000,6;2001,10;2002,15;2003,19;2004,19;2005,11;2006,7;2007,17;2008,15;2009,10;2010,16;2011,5;2012,9;
Ep:1990,3;1991,1;1992,3;1993,2;1994,3;1995,4;1996,5;1997,4;1998,7;1999,5;2000,9;2001,6;2002,7;2003,12;2004,8;2005,13;2006,9;2007,5;2008,6;2009,4;2010,12;2011,7;
Eo:1996,1;1998,1;1999,1;2000,2;2001,1;2005,1;2006,1;2007,2;2008,2;2009,1;2010,1;2011,5;2012,5;